1;83;-4.5;6;
2;41;-2.5;7;
3;61;-4.5;5;
4;36;-4.5;4;
5;102;-2.5;4;
6;37;-1.0;3;
7;51;-2.5;6;
8;97;-1.0;3;
9;63;-4.5;4;
10;62;-2.5;6;
11;79;-1.0;4;
12;43;-4.5;8;
13;48;-2.5;4;
14;64;-4.5;7;
15;99;-1.0;4;
16;81;-1.0;9;
17;94;-2.5;3;
18;67;-2.5;7;
19;98;-1.0;6;
20;88;-2.5;8;
21;88;-2.5;6;
22;90;-1.0;9;
23;67;-1.0;3;
24;91;-1.0;4;
25;43;-2.5;9;
26;34;-4.5;4;
27;94;-1.0;7;
28;105;-1.0;8;
29;51;-4.5;8;
30;89;-1.0;3;
31;43;-4.5;8;
32;103;-1.0;9;
33;73;-2.5;6;
34;65;-4.5;5;
35;83;-2.5;4;
36;98;-1.0;7;
37;102;-2.5;9;
38;35;-4.5;5;
39;57;-1.0;7;
40;106;-2.5;9;
41;75;-4.5;4;
42;46;-1.0;3;
43;77;-1.0;8;
44;62;-2.5;4;
45;70;-4.5;4;
46;50;-2.5;4;
47;62;-2.5;6;
48;47;-2.5;6;
49;92;-4.5;5;
50;94;-4.5;6;
51;37;-2.5;3;
52;69;-1.0;7;
53;87;-2.5;4;
54;38;-2.5;8;
55;87;-1.0;6;
56;93;-1.0;7;
57;51;-1.0;9;
58;43;-1.0;3;
59;81;-2.5;6;
60;51;-1.0;4;
61;80;-1.0;3;
62;47;-1.0;3;
63;46;-2.5;9;
64;58;-1.0;3;
65;81;-1.0;6;
66;58;-1.0;6;
67;69;-4.5;6;
68;48;-2.5;8;
69;86;-1.0;7;
70;37;-1.0;3;
71;108;-1.0;9;
72;97;-1.0;6;
73;70;-1.0;4;
74;52;-2.5;7;
75;78;-2.5;5;
76;40;-1.0;9;
77;91;-1.0;8;
78;64;-1.0;5;
79;95;-4.5;5;
80;87;-2.5;9;
81;46;-4.5;8;
82;74;-1.0;5;
83;78;-2.5;9;
84;43;-1.0;8;
85;57;-1.0;9;
86;41;-1.0;4;
87;69;-4.5;3;
88;64;-1.0;7;
89;99;-1.0;7;
90;95;-1.0;7;
91;83;-2.5;8;
92;60;-1.0;8;
93;60;-1.0;9;
94;88;-1.0;7;
95;104;-2.5;8;
96;43;-1.0;7;
97;74;-2.5;3;
98;65;-4.5;8;
99;34;-4.5;3;
100;70;-4.5;5;
101;42;-1.0;9;
102;95;-1.0;6;
103;77;-1.0;3;
104;92;-1.0;4;
105;72;-1.0;9;
106;54;-1.0;4;
107;40;-4.5;3;
108;97;-2.5;7;
109;70;-1.0;3;
110;82;-1.0;9;
111;42;-4.5;7;
112;57;-1.0;8;
113;78;-1.0;9;
114;54;-1.0;3;
115;49;-4.5;6;
116;88;-4.5;9;
117;100;-2.5;3;
118;54;-4.5;6;
119;94;-1.0;5;
120;101;-1.0;8;
121;51;-4.5;3;
122;70;-1.0;5;
123;44;-1.0;6;
124;33;-1.0;3;
125;104;-1.0;5;
126;94;-4.5;8;
127;98;-2.5;9;
128;58;-2.5;6;
129;54;-1.0;7;
130;73;-2.5;3;
131;86;-1.0;7;
132;63;-2.5;7;
133;73;-1.0;5;
134;81;-1.0;8;
135;100;-1.0;8;
136;78;-2.5;3;
137;70;-2.5;7;
138;84;-2.5;3;
139;106;-4.5;8;
140;64;-2.5;6;
141;85;-4.5;8;
142;86;-1.0;8;
143;61;-1.0;7;
144;51;-1.0;6;
145;57;-2.5;5;
146;73;-1.0;9;
147;56;-2.5;5;
148;55;-2.5;8;
149;42;-1.0;7;
150;56;-1.0;4;
151;92;-2.5;9;
152;91;-4.5;8;
153;43;-4.5;9;
154;46;-2.5;3;
155;103;-4.5;9;
156;66;-2.5;3;
157;76;-1.0;4;
158;93;-1.0;7;
159;89;-1.0;9;
160;64;-1.0;7;
161;102;-1.0;7;
162;90;-1.0;7;
163;74;-2.5;4;
164;69;-4.5;7;
165;56;-1.0;8;
166;99;-1.0;3;
167;78;-1.0;5;
168;107;-2.5;9;
169;59;-1.0;4;
170;42;-1.0;5;
171;100;-1.0;7;
172;91;-2.5;3;
173;95;-1.0;7;
174;81;-1.0;6;
175;98;-1.0;6;
176;101;-4.5;9;
177;43;-4.5;5;
178;56;-1.0;4;
179;42;-1.0;4;
180;60;-1.0;7;
181;52;-4.5;3;
182;84;-1.0;3;
183;64;-4.5;7;
184;44;-4.5;7;
185;75;-1.0;8;
186;44;-4.5;6;
187;65;-1.0;3;
188;62;-2.5;7;
189;95;-1.0;5;
190;78;-1.0;9;
191;69;-4.5;8;
192;103;-2.5;9;
193;56;-4.5;7;
194;55;-4.5;8;
195;56;-2.5;4;
196;81;-2.5;3;
197;61;-1.0;9;
198;86;-2.5;6;
199;97;-4.5;6;
200;103;-2.5;5;
201;46;-1.0;4;
202;83;-1.0;7;
203;65;-1.0;3;
204;89;-1.0;3;
205;85;-2.5;7;
206;95;-2.5;6;
207;75;-2.5;6;
208;93;-4.5;3;
209;96;-1.0;6;
210;47;-1.0;8;
211;74;-1.0;6;
212;102;-1.0;4;
213;101;-4.5;8;
214;98;-4.5;7;
215;89;-2.5;7;
216;106;-4.5;9;
217;59;-2.5;8;
218;87;-4.5;5;
219;34;-1.0;3;
220;70;-4.5;9;
221;106;-1.0;7;
222;63;-1.0;5;
223;67;-4.5;7;
224;103;-4.5;6;
225;45;-1.0;7;
226;78;-1.0;8;
227;49;-1.0;6;
228;57;-4.5;7;
229;79;-1.0;3;
230;66;-4.5;9;
231;79;-1.0;3;
232;75;-4.5;6;
233;74;-1.0;3;
234;70;-1.0;3;
235;54;-1.0;5;
236;84;-1.0;9;
237;56;-2.5;6;
238;60;-1.0;6;
239;84;-1.0;9;
240;52;-2.5;9;
241;102;-4.5;3;
242;63;-1.0;3;
243;39;-4.5;7;
244;80;-1.0;8;
245;44;-4.5;5;
246;97;-1.0;7;
247;85;-2.5;5;
248;62;-4.5;7;
249;97;-4.5;4;
250;49;-2.5;3;
251;96;-1.0;7;
252;60;-4.5;7;
253;65;-1.0;8;
254;78;-1.0;7;
255;55;-1.0;3;
256;54;-1.0;4;
257;62;-1.0;5;
258;46;-1.0;5;
259;62;-1.0;3;
260;72;-4.5;7;
261;98;-4.5;3;
262;80;-1.0;6;
263;92;-1.0;4;
264;103;-1.0;7;
265;41;-1.0;4;
266;67;-2.5;5;
267;37;-4.5;3;
268;58;-1.0;8;
269;50;-4.5;5;
270;96;-2.5;5;
271;54;-1.0;3;
272;68;-2.5;8;
273;54;-1.0;7;
274;103;-2.5;5;
275;71;-1.0;4;
276;81;-4.5;5;
277;101;-2.5;7;
278;91;-1.0;6;
279;71;-1.0;9;
280;57;-4.5;9;
281;83;-4.5;6;
282;67;-1.0;8;
283;98;-1.0;4;
284;41;-2.5;8;
285;44;-1.0;8;
286;87;-1.0;5;
287;38;-4.5;6;
288;90;-4.5;7;
289;70;-1.0;5;
290;82;-2.5;7;
291;68;-1.0;3;
292;93;-1.0;7;
293;43;-4.5;4;
294;88;-1.0;4;
295;100;-4.5;6;
296;72;-4.5;8;
297;63;-1.0;4;
298;88;-1.0;3;
299;56;-1.0;6;
300;59;-2.5;3;
301;73;-1.0;6;
302;82;-4.5;3;
303;59;-1.0;9;
304;78;-4.5;3;
305;104;-2.5;5;
306;54;-2.5;7;
307;49;-2.5;4;
308;100;-2.5;6;
309;36;-2.5;4;
310;71;-2.5;8;
311;38;-4.5;6;
312;60;-4.5;4;
313;64;-1.0;8;
314;102;-1.0;9;
315;89;-1.0;3;
316;38;-4.5;3;
317;76;-4.5;5;
318;89;-1.0;6;
319;42;-2.5;3;
320;34;-4.5;4;
321;63;-1.0;4;
322;47;-2.5;7;
323;87;-4.5;7;
324;84;-4.5;8;
325;84;-1.0;6;
326;75;-1.0;4;
327;68;-4.5;7;
328;84;-2.5;7;
329;54;-1.0;7;
330;99;-1.0;4;
331;75;-2.5;5;
332;39;-2.5;7;
333;48;-1.0;8;
334;85;-1.0;6;
335;97;-1.0;3;
336;58;-2.5;9;
337;78;-1.0;5;
338;78;-1.0;5;
339;47;-1.0;6;
340;61;-2.5;3;
341;89;-1.0;7;
342;71;-4.5;3;
343;39;-4.5;8;
344;45;-1.0;9;
345;63;-4.5;6;
346;67;-4.5;6;
347;104;-4.5;5;
348;87;-4.5;7;
349;85;-1.0;9;
350;53;-1.0;6;
351;51;-2.5;7;
352;96;-1.0;9;
353;103;-1.0;8;
354;78;-2.5;3;
355;43;-2.5;8;
356;42;-2.5;8;
357;84;-1.0;8;
358;67;-1.0;9;
359;104;-1.0;5;
360;101;-4.5;5;
361;43;-4.5;3;
362;106;-2.5;9;
363;69;-1.0;3;
364;62;-1.0;6;
365;74;-1.0;9;
366;62;-1.0;7;
367;59;-2.5;8;
368;42;-2.5;7;
369;55;-4.5;6;
370;72;-1.0;9;
371;86;-2.5;9;
372;95;-2.5;3;
373;70;-4.5;3;
374;86;-1.0;6;
375;97;-2.5;4;
376;89;-1.0;8;
377;96;-4.5;5;
378;46;-1.0;6;
379;56;-1.0;6;
380;82;-4.5;3;
381;56;-1.0;4;
382;69;-4.5;5;
383;69;-2.5;7;
384;84;-4.5;4;
385;76;-1.0;4;
386;65;-1.0;3;
387;49;-1.0;6;
388;48;-2.5;8;
389;79;-2.5;5;
390;76;-2.5;9;
391;82;-2.5;9;
392;47;-2.5;9;
393;85;-4.5;6;
394;74;-1.0;9;
395;37;-4.5;3;
396;75;-1.0;3;
397;64;-4.5;4;
398;55;-4.5;5;
399;58;-4.5;8;
400;79;-1.0;4;
401;82;-1.0;7;
402;85;-4.5;4;
403;64;-1.0;9;
404;55;-1.0;4;
405;36;-4.5;5;
406;66;-1.0;8;
407;97;-1.0;8;
408;50;-4.5;7;
409;73;-2.5;6;
410;57;-1.0;8;
411;34;-4.5;3;
412;71;-1.0;8;
413;101;-2.5;8;
414;51;-1.0;5;
415;88;-1.0;3;
416;83;-2.5;7;
417;98;-4.5;4;
418;96;-4.5;3;
419;63;-1.0;7;
420;93;-1.0;6;
421;44;-2.5;3;
422;83;-2.5;9;
423;100;-1.0;4;
424;40;-2.5;9;
425;45;-1.0;3;
426;77;-4.5;3;
427;104;-1.0;8;
428;51;-4.5;5;
429;36;-1.0;6;
430;84;-4.5;9;
431;38;-1.0;7;
432;69;-1.0;4;
433;90;-2.5;6;
434;37;-1.0;3;
435;87;-2.5;7;
436;101;-1.0;8;
437;84;-4.5;5;
438;94;-4.5;7;
439;60;-1.0;7;
440;71;-1.0;7;
441;73;-1.0;3;
442;35;-2.5;5;
443;41;-4.5;5;
444;103;-1.0;8;
445;102;-4.5;5;
446;79;-1.0;3;
447;89;-4.5;5;
448;53;-2.5;3;
449;47;-2.5;4;
450;48;-1.0;3;
451;78;-1.0;4;
452;67;-1.0;8;
453;94;-1.0;8;
454;70;-4.5;4;
455;54;-2.5;5;
456;82;-4.5;7;
457;36;-4.5;6;
458;47;-2.5;9;
459;40;-1.0;7;
460;104;-2.5;7;
461;60;-1.0;5;
462;39;-1.0;9;
463;59;-1.0;5;
464;74;-4.5;7;
465;95;-4.5;9;
466;58;-1.0;3;
467;75;-2.5;6;
468;104;-1.0;7;
469;82;-2.5;4;
470;73;-1.0;5;
471;37;-1.0;7;
472;92;-1.0;9;
473;98;-1.0;4;
474;71;-2.5;8;
475;85;-1.0;3;
476;47;-2.5;9;
477;61;-4.5;4;
478;52;-4.5;7;
479;41;-2.5;3;
480;51;-1.0;8;
481;36;-1.0;5;
482;41;-2.5;4;
483;92;-1.0;6;
484;60;-1.0;3;
485;93;-2.5;3;
486;81;-1.0;6;
487;40;-4.5;8;
488;100;-2.5;5;
489;63;-4.5;3;
490;41;-4.5;4;
491;99;-1.0;6;
492;54;-2.5;4;
493;52;-1.0;5;
494;72;-1.0;9;
495;50;-1.0;6;
496;91;-1.0;5;
497;81;-4.5;3;
498;40;-1.0;5;
499;95;-2.5;3;
500;51;-1.0;8;
501;67;-4.5;6;
502;95;-4.5;6;
503;76;-2.5;7;
504;71;-1.0;3;
505;100;-1.0;9;
506;93;-1.0;9;
507;98;-2.5;3;
508;52;-1.0;9;
509;92;-2.5;5;
510;71;-4.5;8;
511;97;-1.0;9;
512;103;-4.5;5;
513;91;-1.0;7;
514;85;-4.5;9;
515;68;-1.0;6;
516;47;-2.5;6;
517;46;-1.0;4;
518;73;-1.0;8;
519;68;-1.0;6;
520;38;-1.0;5;
521;77;-2.5;3;
522;63;-1.0;7;
523;61;-2.5;6;
524;77;-1.0;3;
525;73;-1.0;5;
526;48;-1.0;8;
527;76;-1.0;9;
528;103;-2.5;6;
529;88;-1.0;3;
530;55;-1.0;5;
531;53;-1.0;3;
532;84;-1.0;7;
533;47;-1.0;9;
534;53;-1.0;6;
535;98;-1.0;6;
536;43;-1.0;4;
537;75;-1.0;9;
538;97;-1.0;7;
539;103;-4.5;8;
540;44;-1.0;9;
541;60;-4.5;7;
542;55;-1.0;5;
543;107;-1.0;9;
544;95;-2.5;5;
545;76;-2.5;3;
546;48;-1.0;5;
547;51;-1.0;5;
548;44;-2.5;3;
549;50;-1.0;6;
550;105;-4.5;7;
551;70;-1.0;5;
552;82;-4.5;3;
553;44;-4.5;9;
554;106;-4.5;9;
555;85;-1.0;3;
556;95;-2.5;8;
557;86;-4.5;7;
558;36;-1.0;6;
559;91;-1.0;4;
560;46;-2.5;6;
561;41;-1.0;5;
562;73;-2.5;8;
563;75;-1.0;6;
564;48;-1.0;4;
565;91;-1.0;9;
566;58;-2.5;5;
567;103;-1.0;8;
568;84;-1.0;7;
569;35;-2.5;5;
570;102;-1.0;8;
571;83;-2.5;7;
572;76;-2.5;4;
573;102;-1.0;6;
574;80;-2.5;9;
575;70;-1.0;4;
576;40;-1.0;9;
577;46;-1.0;4;
578;87;-1.0;8;
579;41;-1.0;6;
580;39;-2.5;7;
581;80;-4.5;7;
582;46;-2.5;7;
583;85;-4.5;9;
584;62;-1.0;5;
585;53;-4.5;7;
586;70;-1.0;4;
587;86;-1.0;9;
588;79;-2.5;7;
589;57;-2.5;4;
590;77;-1.0;3;
591;76;-1.0;7;
592;78;-1.0;4;
593;54;-1.0;6;
594;81;-2.5;3;
595;81;-1.0;7;
596;70;-4.5;3;
597;71;-1.0;5;
598;38;-2.5;5;
599;50;-2.5;8;
600;36;-4.5;4;
601;50;-1.0;5;
602;43;-1.0;4;
603;99;-1.0;9;
604;99;-1.0;9;
605;80;-1.0;6;
606;64;-4.5;8;
607;65;-2.5;8;
608;50;-1.0;3;
609;79;-1.0;4;
610;107;-1.0;9;
611;82;-1.0;4;
612;69;-2.5;7;
613;72;-1.0;5;
614;70;-2.5;6;
615;55;-4.5;4;
616;63;-4.5;5;
617;71;-1.0;6;
618;43;-1.0;9;
619;40;-4.5;3;
620;58;-1.0;4;
621;58;-2.5;8;
622;95;-1.0;9;
623;89;-2.5;3;
624;53;-4.5;8;
625;73;-4.5;8;
626;74;-1.0;4;
627;66;-4.5;9;
628;67;-4.5;6;
629;61;-4.5;7;
630;78;-1.0;4;
631;67;-2.5;6;
632;43;-1.0;4;
633;84;-1.0;8;
634;76;-1.0;8;
635;81;-1.0;4;
636;62;-1.0;9;
637;75;-2.5;6;
638;97;-2.5;9;
639;44;-4.5;6;
640;86;-1.0;3;
641;97;-4.5;8;
642;89;-1.0;5;
643;68;-1.0;9;
644;73;-4.5;8;
645;98;-2.5;9;
646;56;-1.0;5;
647;85;-4.5;5;
648;103;-2.5;9;
649;83;-2.5;6;
650;99;-4.5;5;
651;64;-4.5;5;
652;48;-2.5;3;
653;85;-1.0;6;
654;87;-2.5;4;
655;46;-1.0;7;
656;37;-1.0;6;
657;70;-1.0;3;
658;87;-1.0;4;
659;66;-1.0;6;
660;82;-4.5;8;
661;43;-1.0;8;
662;88;-4.5;4;
663;59;-1.0;4;
664;45;-4.5;6;
665;96;-1.0;3;
666;101;-1.0;6;
667;51;-4.5;7;
668;49;-2.5;5;
669;79;-1.0;7;
670;75;-1.0;7;
671;90;-1.0;5;
672;86;-1.0;7;
673;96;-1.0;4;
674;69;-4.5;7;
675;106;-1.0;7;
676;39;-1.0;8;
677;44;-4.5;4;
678;91;-1.0;5;
679;62;-2.5;3;
680;43;-1.0;5;
681;63;-1.0;4;
682;83;-2.5;7;
683;41;-1.0;4;
684;88;-1.0;3;
685;78;-1.0;9;
686;97;-1.0;3;
687;96;-4.5;7;
688;39;-1.0;7;
689;100;-2.5;9;
690;76;-4.5;6;
691;52;-4.5;7;
692;77;-1.0;8;
693;87;-1.0;4;
694;72;-1.0;9;
695;54;-2.5;7;
696;91;-1.0;8;
697;54;-4.5;4;
698;105;-4.5;6;
699;36;-4.5;5;
700;51;-1.0;3;
701;73;-4.5;5;
702;55;-2.5;7;
703;95;-1.0;9;
704;65;-1.0;6;
705;74;-1.0;6;
706;75;-4.5;7;
707;73;-1.0;4;
708;61;-4.5;6;
709;83;-1.0;9;
710;57;-4.5;7;
711;74;-1.0;6;
712;48;-2.5;8;
713;55;-1.0;3;
714;60;-2.5;3;
715;82;-1.0;3;
716;103;-2.5;6;
717;95;-4.5;7;
718;101;-1.0;6;
719;92;-2.5;4;
720;101;-1.0;5;
721;92;-2.5;6;
722;78;-1.0;8;
723;43;-2.5;8;
724;79;-2.5;9;
725;64;-1.0;4;
726;54;-1.0;7;
727;86;-4.5;5;
728;89;-2.5;4;
729;56;-1.0;9;
730;41;-1.0;9;
731;93;-1.0;7;
732;83;-1.0;3;
733;92;-1.0;5;
734;62;-1.0;5;
735;106;-2.5;7;
736;51;-2.5;8;
737;76;-1.0;6;
738;107;-1.0;8;
739;85;-2.5;9;
740;69;-1.0;3;
741;45;-1.0;9;
742;66;-2.5;6;
743;103;-1.0;5;
744;37;-1.0;4;
745;76;-1.0;6;
746;83;-4.5;3;
747;65;-1.0;6;
748;94;-1.0;5;
749;47;-4.5;8;
750;71;-1.0;5;
751;91;-1.0;7;
752;100;-4.5;9;
753;43;-1.0;5;
754;35;-2.5;5;
755;57;-1.0;3;
756;63;-4.5;3;
757;96;-4.5;8;
758;61;-2.5;3;
759;40;-1.0;5;
760;71;-4.5;8;
761;53;-4.5;9;
762;69;-2.5;7;
763;56;-2.5;5;
764;87;-1.0;9;
765;107;-4.5;8;
766;50;-1.0;8;
767;38;-1.0;5;
768;78;-4.5;4;
769;45;-2.5;3;
770;67;-1.0;3;
771;40;-1.0;7;
772;96;-1.0;8;
773;37;-4.5;7;
774;74;-1.0;6;
775;52;-4.5;4;
776;33;-1.0;3;
777;50;-1.0;9;
778;94;-4.5;7;
779;102;-4.5;9;
780;81;-1.0;7;
781;48;-2.5;7;
782;36;-1.0;3;
783;96;-1.0;5;
784;81;-1.0;4;
785;92;-1.0;8;
786;89;-1.0;9;
787;37;-2.5;5;
788;45;-4.5;3;
789;69;-1.0;7;
790;38;-1.0;4;
791;73;-2.5;8;
792;68;-1.0;5;
793;49;-4.5;5;
794;55;-2.5;7;
795;65;-1.0;9;
796;86;-4.5;8;
797;94;-2.5;3;
798;63;-1.0;3;
799;94;-4.5;5;
800;48;-2.5;7;
801;44;-1.0;7;
802;94;-1.0;6;
803;68;-1.0;6;
804;65;-4.5;3;
805;43;-2.5;5;
806;100;-4.5;4;
807;86;-1.0;9;
808;77;-2.5;3;
809;50;-4.5;6;
810;95;-1.0;7;
811;77;-1.0;5;
812;46;-2.5;5;
813;99;-1.0;9;
814;97;-1.0;7;
815;84;-4.5;7;
816;49;-1.0;5;
817;71;-4.5;4;
818;94;-4.5;7;
819;36;-4.5;6;
820;88;-1.0;6;
821;52;-4.5;5;
822;98;-1.0;4;
823;63;-4.5;3;
824;100;-2.5;7;
825;72;-1.0;9;
826;79;-4.5;6;
827;74;-1.0;6;
828;90;-1.0;8;
829;42;-1.0;7;
830;85;-1.0;3;
831;42;-4.5;5;
832;94;-1.0;7;
833;81;-1.0;7;
834;66;-1.0;7;
835;95;-1.0;8;
836;83;-4.5;3;
837;96;-1.0;8;
838;57;-1.0;5;
839;53;-1.0;3;
840;41;-2.5;6;
841;42;-4.5;5;
842;97;-4.5;9;
843;77;-4.5;8;
844;59;-4.5;7;
845;85;-2.5;3;
846;38;-4.5;4;
847;61;-4.5;8;
848;77;-1.0;6;
849;66;-4.5;3;
850;89;-1.0;6;
851;74;-2.5;6;
852;98;-4.5;4;
853;106;-1.0;7;
854;73;-4.5;4;
855;41;-1.0;8;
856;106;-4.5;8;
857;68;-4.5;6;
858;69;-2.5;4;
859;61;-4.5;5;
860;93;-4.5;4;
861;61;-1.0;3;
862;50;-4.5;6;
863;104;-1.0;6;
864;95;-1.0;7;
865;98;-2.5;7;
866;47;-2.5;9;
867;41;-2.5;9;
868;96;-4.5;4;
869;50;-2.5;4;
870;58;-4.5;3;
871;82;-2.5;5;
872;37;-1.0;3;
873;83;-4.5;3;
874;49;-1.0;4;
875;52;-2.5;4;
876;80;-2.5;5;
877;46;-2.5;5;
878;34;-1.0;4;
879;44;-2.5;6;
880;73;-1.0;6;
881;88;-4.5;7;
882;93;-4.5;7;
883;70;-1.0;4;
884;57;-1.0;8;
885;83;-1.0;5;
886;45;-4.5;8;
887;99;-2.5;4;
888;62;-1.0;6;
889;101;-2.5;3;
890;64;-2.5;5;
891;90;-2.5;8;
892;88;-4.5;7;
893;106;-2.5;9;
894;99;-1.0;6;
895;90;-1.0;3;
896;67;-1.0;7;
897;43;-1.0;7;
898;94;-1.0;9;
899;62;-1.0;5;
900;80;-2.5;3;
901;39;-2.5;5;
902;35;-1.0;3;
903;59;-1.0;8;
904;70;-1.0;5;
905;78;-1.0;7;
906;69;-4.5;6;
907;62;-1.0;8;
908;94;-1.0;4;
909;68;-4.5;7;
910;47;-4.5;4;
911;43;-1.0;8;
912;96;-4.5;7;
913;63;-4.5;3;
914;36;-2.5;6;
915;44;-1.0;8;
916;81;-2.5;5;
917;86;-4.5;6;
918;106;-2.5;8;
919;59;-2.5;3;
920;65;-4.5;4;
921;89;-2.5;6;
922;40;-1.0;4;
923;84;-2.5;8;
924;49;-1.0;9;
925;84;-1.0;8;
926;87;-1.0;9;
927;87;-1.0;8;
928;102;-1.0;3;
929;46;-1.0;8;
930;72;-1.0;3;
931;96;-1.0;6;
932;86;-1.0;5;
933;60;-1.0;5;
934;81;-1.0;5;
935;69;-1.0;4;
936;64;-1.0;4;
937;97;-2.5;7;
938;77;-1.0;3;
939;72;-1.0;4;
940;85;-1.0;3;
941;50;-1.0;7;
942;92;-1.0;7;
943;35;-2.5;4;
944;68;-1.0;7;
945;48;-2.5;4;
946;69;-1.0;8;
947;61;-1.0;7;
948;87;-1.0;8;
949;98;-1.0;5;
950;97;-4.5;3;
951;89;-2.5;7;
952;36;-1.0;5;
953;58;-4.5;4;
954;58;-4.5;5;
955;87;-2.5;6;
956;75;-2.5;3;
957;84;-1.0;8;
958;75;-1.0;7;
959;63;-1.0;6;
960;57;-2.5;9;
961;98;-2.5;3;
962;100;-4.5;4;
963;84;-2.5;4;
964;72;-1.0;6;
965;63;-2.5;7;
966;80;-4.5;9;
967;44;-2.5;3;
968;96;-2.5;6;
969;56;-1.0;8;
970;52;-2.5;8;
971;44;-1.0;3;
972;101;-1.0;6;
973;87;-2.5;5;
974;72;-4.5;7;
975;38;-1.0;8;
976;83;-2.5;3;
977;51;-1.0;4;
978;40;-1.0;8;
979;66;-1.0;9;
980;55;-1.0;3;
981;82;-1.0;9;
982;52;-2.5;8;
983;83;-1.0;8;
984;101;-1.0;4;
985;57;-1.0;7;
986;60;-2.5;7;
987;54;-1.0;6;
988;97;-1.0;8;
989;62;-1.0;4;
990;48;-1.0;4;
991;44;-4.5;7;
992;73;-1.0;5;
993;48;-1.0;5;
994;65;-4.5;6;
995;96;-1.0;3;
996;98;-4.5;7;
997;96;-1.0;8;
998;38;-1.0;7;
999;57;-2.5;7;
1000;43;-2.5;5;
1001;68;-1.0;5;
1002;41;-1.0;7;
1003;105;-1.0;8;
1004;70;-1.0;5;
1005;48;-4.5;3;
1006;72;-1.0;9;
1007;97;-1.0;3;
1008;86;-1.0;9;
1009;101;-1.0;5;
1010;58;-4.5;8;
1011;61;-1.0;8;
1012;59;-4.5;8;
1013;82;-1.0;9;
1014;82;-4.5;3;
1015;87;-2.5;3;
1016;87;-1.0;3;
1017;51;-1.0;8;
1018;73;-1.0;7;
1019;82;-4.5;5;
1020;48;-4.5;5;
1021;68;-2.5;7;
1022;76;-2.5;9;
1023;86;-1.0;9;
1024;55;-1.0;4;
1025;90;-1.0;6;
1026;79;-1.0;4;
1027;82;-2.5;8;
1028;73;-4.5;9;
1029;39;-1.0;7;
1030;52;-1.0;9;
1031;87;-1.0;8;
1032;76;-1.0;4;
1033;67;-1.0;7;
1034;88;-4.5;6;
1035;96;-4.5;3;
1036;91;-4.5;5;
1037;76;-4.5;6;
1038;66;-2.5;3;
1039;83;-1.0;7;
1040;60;-1.0;8;
1041;82;-1.0;8;
1042;87;-1.0;9;
1043;59;-1.0;5;
1044;88;-2.5;8;
1045;77;-1.0;3;
1046;70;-1.0;9;
1047;66;-4.5;9;
1048;45;-1.0;5;
1049;45;-1.0;9;
1050;95;-1.0;7;
1051;37;-1.0;6;
1052;102;-1.0;4;
1053;84;-2.5;8;
1054;46;-1.0;4;
1055;92;-1.0;6;
1056;92;-2.5;3;
1057;50;-4.5;4;
1058;59;-1.0;5;
1059;40;-1.0;6;
1060;86;-2.5;4;
1061;95;-1.0;7;
1062;62;-1.0;6;
1063;56;-4.5;7;
1064;45;-4.5;7;
1065;45;-2.5;8;
1066;44;-2.5;6;
1067;56;-4.5;6;
1068;84;-1.0;5;
1069;50;-1.0;9;
1070;36;-1.0;5;
1071;40;-2.5;7;
1072;56;-4.5;3;
1073;82;-1.0;8;
1074;76;-1.0;9;
1075;56;-1.0;7;
1076;69;-2.5;9;
1077;97;-4.5;7;
1078;94;-2.5;5;
1079;71;-2.5;9;
1080;51;-2.5;9;
1081;56;-4.5;4;
1082;68;-2.5;5;
1083;36;-1.0;3;
1084;51;-2.5;6;
1085;64;-4.5;4;
1086;44;-4.5;9;
1087;46;-1.0;8;
1088;91;-4.5;7;
1089;67;-1.0;6;
1090;37;-1.0;6;
1091;46;-2.5;9;
1092;78;-1.0;9;
1093;67;-1.0;3;
1094;53;-4.5;6;
1095;104;-4.5;7;
1096;40;-4.5;3;
1097;62;-1.0;8;
1098;48;-2.5;4;
1099;97;-2.5;7;
1100;100;-2.5;7;
1101;81;-1.0;5;
1102;43;-4.5;9;
1103;65;-1.0;7;
1104;52;-2.5;9;
1105;58;-1.0;7;
1106;54;-1.0;4;
1107;54;-2.5;9;
1108;85;-4.5;5;
1109;63;-2.5;3;
1110;68;-1.0;5;
1111;74;-2.5;8;
1112;55;-1.0;4;
1113;48;-1.0;6;
1114;80;-1.0;9;
1115;90;-1.0;4;
1116;57;-1.0;6;
1117;40;-4.5;7;
1118;40;-4.5;7;
1119;94;-4.5;7;
1120;76;-1.0;8;
1121;35;-2.5;4;
1122;71;-1.0;3;
1123;44;-4.5;8;
1124;106;-1.0;9;
1125;64;-1.0;8;
1126;56;-4.5;8;
1127;72;-2.5;8;
1128;76;-1.0;3;
1129;65;-1.0;9;
1130;62;-1.0;5;
1131;86;-1.0;4;
1132;104;-1.0;9;
1133;82;-4.5;4;
1134;92;-4.5;7;
1135;83;-4.5;8;
1136;106;-1.0;9;
1137;91;-1.0;3;
1138;37;-1.0;3;
1139;99;-2.5;9;
1140;68;-4.5;6;
1141;39;-4.5;8;
1142;91;-1.0;9;
1143;53;-4.5;5;
1144;94;-1.0;9;
1145;49;-1.0;6;
1146;81;-4.5;4;
1147;56;-2.5;5;
1148;42;-4.5;9;
1149;74;-1.0;3;
1150;41;-2.5;5;
1151;71;-4.5;6;
1152;82;-1.0;3;
1153;96;-1.0;8;
1154;41;-1.0;5;
1155;48;-2.5;8;
1156;44;-2.5;6;
1157;96;-1.0;5;
1158;59;-4.5;9;
1159;56;-2.5;6;
1160;45;-1.0;9;
1161;86;-4.5;6;
1162;98;-1.0;6;
1163;85;-1.0;3;
1164;86;-4.5;7;
1165;89;-2.5;8;
1166;84;-1.0;5;
1167;81;-4.5;5;
1168;54;-2.5;5;
1169;101;-1.0;9;
1170;50;-2.5;7;
1171;77;-1.0;8;
1172;88;-2.5;4;
1173;92;-1.0;3;
1174;68;-1.0;5;
1175;104;-4.5;8;
1176;98;-1.0;7;
1177;67;-1.0;3;
1178;58;-2.5;5;
1179;97;-1.0;8;
1180;52;-2.5;9;
1181;55;-2.5;5;
1182;58;-2.5;4;
1183;53;-2.5;9;
1184;95;-4.5;8;
1185;52;-4.5;5;
1186;91;-1.0;9;
1187;45;-2.5;5;
1188;39;-1.0;4;
1189;83;-1.0;6;
1190;99;-1.0;6;
1191;49;-1.0;9;
1192;44;-4.5;6;
1193;67;-2.5;8;
1194;65;-4.5;6;
1195;94;-1.0;3;
1196;80;-1.0;4;
1197;61;-4.5;8;
1198;95;-1.0;7;
1199;103;-1.0;9;
1200;79;-1.0;8;
1201;79;-1.0;8;
1202;57;-4.5;5;
1203;73;-2.5;8;
1204;57;-1.0;3;
1205;55;-1.0;7;
1206;98;-2.5;8;
1207;73;-4.5;8;
1208;53;-4.5;3;
1209;63;-1.0;9;
1210;82;-1.0;3;
1211;37;-1.0;7;
1212;36;-4.5;5;
1213;88;-1.0;4;
1214;50;-1.0;6;
1215;70;-1.0;5;
1216;96;-2.5;8;
1217;73;-2.5;5;
1218;62;-2.5;8;
1219;82;-1.0;7;
1220;66;-2.5;7;
1221;75;-2.5;3;
1222;58;-1.0;5;
1223;97;-1.0;9;
1224;105;-1.0;9;
1225;91;-1.0;6;
1226;61;-2.5;5;
1227;82;-2.5;9;
1228;64;-4.5;9;
1229;48;-2.5;6;
1230;67;-1.0;5;
1231;66;-2.5;6;
1232;42;-1.0;7;
1233;63;-1.0;6;
1234;63;-2.5;9;
1235;78;-1.0;5;
1236;71;-1.0;6;
1237;86;-1.0;6;
1238;76;-1.0;8;
1239;88;-2.5;9;
1240;95;-2.5;8;
1241;75;-1.0;4;
1242;61;-1.0;5;
1243;96;-1.0;5;
1244;99;-1.0;4;
1245;42;-4.5;3;
1246;46;-4.5;6;
1247;106;-4.5;8;
1248;60;-1.0;5;
1249;75;-1.0;7;
1250;45;-4.5;7;
1251;62;-2.5;4;
1252;77;-2.5;4;
1253;99;-1.0;7;
1254;35;-1.0;4;
1255;49;-1.0;8;
1256;41;-2.5;6;
1257;92;-1.0;4;
1258;87;-4.5;9;
1259;43;-1.0;9;
1260;105;-4.5;8;
1261;83;-2.5;8;
1262;56;-2.5;7;
1263;58;-1.0;6;
1264;86;-4.5;4;
1265;101;-1.0;5;
1266;86;-1.0;5;
1267;69;-1.0;8;
1268;67;-4.5;4;
1269;45;-1.0;3;
1270;79;-1.0;7;
1271;58;-1.0;5;
1272;84;-1.0;5;
1273;37;-2.5;4;
1274;52;-1.0;3;
1275;81;-2.5;9;
1276;64;-4.5;7;
1277;49;-4.5;7;
1278;58;-2.5;7;
1279;54;-4.5;7;
1280;86;-1.0;6;
1281;81;-1.0;6;
1282;70;-1.0;3;
1283;84;-1.0;6;
1284;59;-4.5;3;
1285;53;-2.5;3;
1286;74;-4.5;7;
1287;51;-1.0;4;
1288;92;-1.0;4;
1289;79;-2.5;9;
1290;37;-2.5;5;
1291;86;-2.5;7;
1292;85;-1.0;9;
1293;90;-1.0;6;
1294;102;-1.0;6;
1295;55;-1.0;6;
1296;64;-1.0;4;
1297;66;-1.0;5;
1298;55;-1.0;3;
1299;89;-1.0;3;
1300;92;-2.5;6;
1301;93;-4.5;6;
1302;83;-4.5;9;
1303;104;-1.0;9;
1304;40;-1.0;5;
1305;94;-1.0;8;
1306;52;-2.5;9;
1307;39;-4.5;8;
1308;45;-2.5;9;
1309;99;-4.5;9;
1310;92;-1.0;9;
1311;64;-1.0;6;
1312;82;-4.5;7;
1313;37;-1.0;7;
1314;80;-1.0;8;
1315;36;-2.5;5;
1316;47;-4.5;9;
1317;51;-1.0;3;
1318;85;-4.5;7;
1319;63;-2.5;9;
1320;71;-2.5;8;
1321;93;-1.0;9;
1322;98;-1.0;3;
1323;52;-1.0;8;
1324;64;-1.0;6;
1325;89;-1.0;6;
1326;60;-4.5;5;
1327;59;-2.5;6;
1328;97;-2.5;6;
1329;102;-4.5;4;
1330;104;-1.0;6;
1331;57;-2.5;8;
1332;41;-1.0;8;
1333;74;-2.5;3;
1334;72;-4.5;9;
1335;45;-1.0;8;
1336;92;-1.0;4;
1337;87;-1.0;4;
1338;98;-2.5;7;
1339;107;-2.5;9;
1340;57;-1.0;7;
1341;77;-1.0;8;
1342;48;-1.0;3;
1343;89;-1.0;4;
1344;67;-2.5;4;
1345;79;-1.0;5;
1346;81;-4.5;3;
1347;53;-1.0;3;
1348;35;-2.5;3;
1349;55;-1.0;6;
1350;43;-1.0;8;
1351;60;-4.5;5;
1352;37;-2.5;7;
1353;102;-2.5;8;
1354;72;-1.0;7;
1355;40;-4.5;5;
1356;51;-2.5;8;
1357;67;-1.0;4;
1358;86;-1.0;7;
1359;87;-1.0;7;
1360;63;-1.0;3;
1361;47;-1.0;8;
1362;98;-1.0;9;
1363;104;-4.5;6;
1364;59;-2.5;3;
1365;65;-4.5;8;
1366;61;-1.0;3;
1367;83;-1.0;6;
1368;65;-1.0;5;
1369;71;-4.5;7;
1370;69;-4.5;6;
1371;86;-1.0;3;
1372;37;-1.0;3;
1373;62;-1.0;4;
1374;78;-2.5;5;
1375;40;-4.5;8;
1376;106;-2.5;9;
1377;75;-1.0;4;
1378;53;-4.5;9;
1379;38;-1.0;5;
1380;44;-1.0;7;
1381;92;-1.0;4;
1382;39;-1.0;7;
1383;43;-1.0;4;
1384;41;-1.0;8;
1385;61;-1.0;9;
1386;65;-1.0;7;
1387;93;-4.5;6;
1388;76;-1.0;8;
1389;67;-1.0;4;
1390;67;-1.0;7;
1391;36;-1.0;6;
1392;76;-1.0;3;
1393;99;-1.0;9;
1394;101;-1.0;6;
1395;74;-4.5;8;
1396;75;-1.0;8;
1397;85;-2.5;9;
1398;71;-1.0;4;
1399;62;-1.0;9;
1400;103;-1.0;8;
1401;58;-4.5;7;
1402;47;-4.5;4;
1403;78;-2.5;6;
1404;90;-4.5;4;
1405;65;-1.0;5;
1406;45;-1.0;5;
1407;85;-2.5;5;
1408;51;-2.5;6;
1409;96;-1.0;8;
1410;60;-4.5;9;
1411;83;-1.0;8;
1412;65;-4.5;6;
1413;62;-2.5;8;
1414;63;-1.0;9;
1415;99;-1.0;9;
1416;57;-2.5;4;
1417;63;-1.0;5;
1418;46;-2.5;6;
1419;54;-1.0;7;
1420;59;-4.5;5;
1421;70;-1.0;5;
1422;88;-4.5;9;
1423;61;-1.0;6;
1424;87;-1.0;5;
1425;49;-1.0;6;
1426;53;-4.5;5;
1427;53;-1.0;9;
1428;67;-4.5;8;
1429;45;-1.0;5;
1430;91;-1.0;6;
1431;89;-1.0;8;
1432;87;-2.5;7;
1433;62;-2.5;3;
1434;91;-1.0;8;
1435;78;-4.5;5;
1436;75;-2.5;8;
1437;33;-1.0;3;
1438;70;-1.0;4;
1439;78;-4.5;3;
1440;76;-4.5;9;
1441;83;-1.0;4;
1442;36;-1.0;4;
1443;57;-4.5;6;
1444;74;-2.5;3;
1445;56;-1.0;9;
1446;77;-1.0;5;
1447;46;-1.0;9;
1448;73;-1.0;3;
1449;90;-4.5;4;
1450;63;-1.0;9;
1451;69;-1.0;4;
1452;71;-2.5;3;
1453;87;-2.5;6;
1454;93;-1.0;6;
1455;58;-2.5;9;
1456;96;-2.5;7;
1457;90;-2.5;5;
1458;102;-1.0;6;
1459;80;-1.0;8;
1460;43;-4.5;5;
1461;76;-1.0;5;
1462;38;-2.5;7;
1463;81;-4.5;8;
1464;71;-2.5;8;
1465;85;-2.5;4;
1466;37;-1.0;4;
1467;66;-1.0;4;
1468;92;-2.5;9;
1469;91;-1.0;5;
1470;57;-2.5;3;
1471;96;-4.5;8;
1472;74;-1.0;9;
1473;82;-1.0;6;
1474;70;-2.5;5;
1475;95;-4.5;5;
1476;46;-2.5;6;
1477;77;-2.5;9;
1478;75;-1.0;6;
1479;50;-2.5;3;
1480;42;-2.5;9;
1481;100;-1.0;5;
1482;57;-2.5;9;
1483;64;-2.5;4;
1484;83;-4.5;5;
1485;80;-4.5;8;
1486;60;-1.0;8;
1487;64;-2.5;6;
1488;55;-4.5;3;
1489;77;-4.5;6;
1490;104;-4.5;8;
1491;84;-1.0;4;
1492;92;-1.0;3;
1493;47;-1.0;6;
1494;70;-1.0;6;
1495;83;-2.5;3;
1496;41;-4.5;5;
1497;57;-1.0;4;
1498;104;-2.5;6;
1499;62;-2.5;9;
1500;98;-1.0;8;
1501;77;-1.0;3;
1502;102;-4.5;9;
1503;49;-4.5;6;
1504;65;-1.0;9;
1505;97;-4.5;4;
1506;99;-1.0;3;
1507;76;-4.5;9;
1508;54;-4.5;4;
1509;65;-1.0;9;
1510;39;-1.0;7;
1511;40;-2.5;7;
1512;52;-1.0;9;
1513;45;-1.0;9;
1514;78;-2.5;9;
1515;101;-4.5;4;
1516;67;-2.5;3;
1517;44;-1.0;4;
1518;74;-2.5;6;
1519;41;-2.5;3;
1520;90;-1.0;5;
1521;43;-1.0;6;
1522;100;-2.5;4;
1523;42;-1.0;7;
1524;83;-4.5;7;
1525;63;-1.0;8;
1526;55;-1.0;9;
1527;78;-4.5;9;
1528;69;-4.5;9;
1529;46;-1.0;6;
1530;84;-1.0;3;
1531;83;-1.0;3;
1532;50;-1.0;4;
1533;101;-4.5;5;
1534;90;-4.5;9;
1535;102;-1.0;5;
1536;37;-1.0;7;
1537;99;-4.5;7;
1538;61;-1.0;7;
1539;64;-4.5;7;
1540;85;-2.5;9;
1541;67;-1.0;8;
1542;93;-4.5;3;
1543;98;-1.0;3;
1544;56;-2.5;8;
1545;41;-2.5;3;
1546;72;-2.5;3;
1547;102;-1.0;3;
1548;77;-1.0;9;
1549;67;-1.0;5;
1550;90;-1.0;5;
1551;100;-2.5;4;
1552;93;-1.0;5;
1553;71;-1.0;8;
1554;36;-1.0;5;
1555;92;-2.5;9;
1556;96;-1.0;3;
1557;49;-2.5;5;
1558;101;-1.0;9;
1559;95;-1.0;6;
1560;56;-4.5;3;
1561;62;-1.0;3;
1562;103;-2.5;4;
1563;62;-1.0;4;
1564;88;-1.0;7;
1565;53;-2.5;3;
1566;84;-1.0;5;
1567;52;-1.0;6;
1568;70;-1.0;5;
1569;42;-4.5;4;
1570;76;-1.0;7;
1571;52;-1.0;5;
1572;41;-1.0;6;
1573;99;-2.5;3;
1574;84;-4.5;8;
1575;97;-2.5;9;
1576;40;-1.0;3;
1577;65;-4.5;7;
1578;76;-1.0;6;
1579;39;-2.5;5;
1580;98;-4.5;9;
1581;72;-1.0;3;
1582;106;-1.0;9;
1583;73;-1.0;6;
1584;72;-1.0;3;
1585;94;-1.0;7;
1586;56;-1.0;7;
1587;104;-1.0;7;
1588;45;-2.5;9;
1589;104;-1.0;8;
1590;76;-1.0;9;
1591;94;-4.5;6;
1592;100;-2.5;8;
1593;49;-4.5;9;
1594;46;-4.5;9;
1595;61;-1.0;8;
1596;87;-4.5;8;
1597;71;-4.5;9;
1598;38;-1.0;6;
1599;40;-2.5;4;
1600;79;-1.0;4;
1601;86;-4.5;5;
1602;39;-1.0;9;
1603;106;-2.5;8;
1604;35;-1.0;4;
1605;106;-1.0;7;
1606;85;-1.0;3;
1607;52;-1.0;8;
1608;49;-1.0;8;
1609;79;-1.0;7;
1610;55;-1.0;9;
1611;65;-1.0;6;
1612;67;-1.0;7;
1613;85;-2.5;3;
1614;53;-1.0;7;
1615;90;-4.5;5;
1616;78;-1.0;7;
1617;44;-1.0;4;
1618;100;-1.0;8;
1619;55;-2.5;5;
1620;103;-4.5;4;
1621;101;-4.5;3;
1622;47;-2.5;6;
1623;63;-1.0;6;
1624;49;-4.5;7;
1625;84;-1.0;9;
1626;45;-2.5;7;
1627;62;-1.0;6;
1628;97;-4.5;8;
1629;63;-2.5;6;
1630;49;-4.5;9;
1631;43;-1.0;9;
1632;38;-1.0;6;
1633;102;-1.0;3;
1634;45;-1.0;7;
1635;90;-2.5;6;
1636;79;-1.0;4;
1637;83;-1.0;8;
1638;85;-4.5;6;
1639;49;-4.5;4;
1640;99;-1.0;4;
1641;94;-1.0;4;
1642;46;-1.0;3;
1643;95;-2.5;4;
1644;87;-4.5;8;
1645;89;-2.5;5;
1646;36;-2.5;4;
1647;86;-2.5;3;
1648;85;-1.0;8;
1649;42;-4.5;4;
1650;106;-1.0;8;
1651;52;-1.0;5;
1652;72;-1.0;9;
1653;96;-4.5;9;
1654;45;-1.0;6;
1655;87;-2.5;6;
1656;69;-1.0;4;
1657;66;-2.5;4;
1658;87;-1.0;8;
1659;51;-1.0;9;
1660;100;-1.0;6;
1661;46;-4.5;8;
1662;47;-4.5;5;
1663;89;-4.5;4;
1664;105;-4.5;7;
1665;101;-2.5;5;
1666;60;-4.5;5;
1667;65;-2.5;5;
1668;99;-4.5;4;
1669;84;-2.5;6;
1670;40;-4.5;5;
1671;53;-1.0;5;
1672;80;-1.0;3;
1673;83;-1.0;6;
1674;65;-2.5;8;
1675;103;-2.5;6;
1676;93;-1.0;7;
1677;82;-1.0;4;
1678;41;-1.0;4;
1679;66;-1.0;9;
1680;71;-1.0;8;
1681;49;-4.5;3;
1682;64;-2.5;5;
1683;58;-1.0;6;
1684;91;-1.0;9;
1685;89;-1.0;4;
1686;77;-1.0;5;
1687;52;-4.5;5;
1688;37;-1.0;6;
1689;63;-1.0;3;
1690;95;-1.0;9;
1691;40;-2.5;7;
1692;73;-2.5;8;
1693;47;-1.0;5;
1694;79;-1.0;4;
1695;86;-4.5;9;
1696;50;-2.5;6;
1697;90;-4.5;4;
1698;87;-4.5;5;
1699;101;-1.0;8;
1700;78;-2.5;3;
1701;67;-1.0;4;
1702;39;-2.5;3;
1703;49;-1.0;8;
1704;38;-2.5;4;
1705;84;-2.5;9;
1706;69;-4.5;6;
1707;88;-2.5;9;
1708;97;-2.5;3;
1709;91;-2.5;3;
1710;57;-4.5;9;
1711;93;-1.0;9;
1712;61;-4.5;6;
1713;74;-2.5;9;
1714;98;-1.0;7;
1715;98;-1.0;9;
1716;106;-2.5;8;
1717;57;-1.0;7;
1718;37;-4.5;7;
1719;93;-4.5;3;
1720;90;-1.0;3;
1721;46;-4.5;8;
1722;98;-1.0;9;
1723;93;-4.5;7;
1724;52;-4.5;7;
1725;39;-1.0;4;
1726;76;-1.0;7;
1727;74;-1.0;8;
1728;89;-4.5;6;
1729;55;-2.5;9;
1730;59;-1.0;5;
1731;103;-1.0;9;
1732;53;-1.0;5;
1733;40;-1.0;3;
1734;99;-1.0;7;
1735;76;-2.5;6;
1736;66;-1.0;7;
1737;103;-4.5;6;
1738;95;-1.0;5;
1739;73;-1.0;9;
1740;86;-4.5;8;
1741;75;-1.0;3;
1742;66;-1.0;5;
1743;67;-1.0;6;
1744;106;-2.5;9;
1745;45;-2.5;4;
1746;104;-4.5;9;
1747;67;-2.5;3;
1748;49;-2.5;6;
1749;43;-4.5;4;
1750;95;-2.5;6;
1751;44;-4.5;6;
1752;52;-1.0;4;
1753;62;-2.5;6;
1754;103;-4.5;8;
1755;74;-1.0;4;
1756;98;-2.5;4;
1757;62;-1.0;5;
1758;69;-1.0;4;
1759;92;-4.5;5;
1760;46;-1.0;4;
1761;46;-1.0;9;
1762;85;-1.0;5;
1763;94;-2.5;3;
1764;77;-2.5;3;
1765;63;-1.0;3;
1766;66;-1.0;5;
1767;46;-1.0;4;
1768;56;-4.5;9;
1769;83;-2.5;4;
1770;95;-1.0;3;
1771;92;-1.0;8;
1772;84;-1.0;8;
1773;76;-1.0;8;
1774;70;-4.5;4;
1775;101;-2.5;4;
1776;73;-1.0;8;
1777;61;-1.0;8;
1778;79;-1.0;7;
1779;48;-4.5;8;
1780;84;-2.5;6;
1781;82;-2.5;5;
1782;85;-1.0;7;
1783;67;-1.0;6;
1784;43;-1.0;3;
1785;95;-1.0;9;
1786;74;-1.0;7;
1787;98;-1.0;8;
1788;60;-1.0;6;
1789;48;-4.5;4;
1790;54;-2.5;8;
1791;89;-1.0;4;
1792;74;-2.5;6;
1793;56;-4.5;3;
1794;67;-2.5;3;
1795;71;-1.0;5;
1796;87;-4.5;6;
1797;51;-1.0;5;
1798;55;-2.5;6;
1799;90;-2.5;4;
1800;103;-1.0;5;
1801;57;-1.0;7;
1802;48;-2.5;6;
1803;81;-1.0;3;
1804;42;-2.5;4;
1805;89;-4.5;3;
1806;88;-2.5;4;
1807;81;-1.0;4;
1808;51;-1.0;9;
1809;73;-4.5;8;
1810;74;-4.5;5;
1811;82;-4.5;9;
1812;57;-2.5;8;
1813;78;-4.5;4;
1814;42;-4.5;7;
1815;61;-1.0;8;
1816;58;-4.5;3;
1817;79;-1.0;3;
1818;64;-1.0;8;
1819;35;-4.5;3;
1820;60;-2.5;4;
1821;106;-4.5;8;
1822;79;-4.5;9;
1823;54;-1.0;8;
1824;54;-1.0;7;
1825;47;-4.5;3;
1826;99;-2.5;7;
1827;48;-1.0;9;
1828;62;-4.5;9;
1829;94;-2.5;5;
1830;91;-1.0;4;
1831;85;-2.5;8;
1832;77;-2.5;4;
1833;74;-4.5;7;
1834;43;-2.5;7;
1835;95;-4.5;8;
1836;69;-1.0;3;
1837;94;-1.0;5;
1838;84;-1.0;7;
1839;51;-1.0;3;
1840;88;-1.0;6;
1841;39;-1.0;9;
1842;57;-2.5;3;
1843;40;-1.0;6;
1844;90;-4.5;5;
1845;107;-2.5;8;
1846;53;-1.0;9;
1847;50;-2.5;5;
1848;98;-4.5;7;
1849;88;-2.5;9;
1850;86;-2.5;9;
1851;66;-1.0;3;
1852;96;-1.0;9;
1853;47;-4.5;4;
1854;89;-4.5;6;
1855;43;-4.5;5;
1856;105;-2.5;8;
1857;43;-1.0;8;
1858;97;-2.5;7;
1859;70;-4.5;8;
1860;90;-1.0;3;
1861;98;-1.0;5;
1862;78;-2.5;5;
1863;50;-1.0;7;
1864;52;-1.0;4;
1865;105;-4.5;9;
1866;69;-1.0;5;
1867;68;-1.0;4;
1868;37;-1.0;7;
1869;62;-1.0;9;
1870;49;-2.5;6;
1871;83;-2.5;7;
1872;59;-1.0;3;
1873;45;-4.5;5;
1874;76;-1.0;7;
1875;66;-4.5;9;
1876;93;-2.5;6;
1877;82;-1.0;5;
1878;61;-1.0;3;
1879;53;-4.5;5;
1880;50;-2.5;8;
1881;37;-1.0;4;
1882;39;-4.5;5;
1883;69;-4.5;6;
1884;48;-1.0;6;
1885;54;-1.0;7;
1886;103;-1.0;7;
1887;91;-1.0;5;
1888;63;-1.0;4;
1889;61;-2.5;3;
1890;97;-1.0;7;
1891;88;-1.0;7;
1892;67;-4.5;3;
1893;98;-2.5;9;
1894;86;-4.5;9;
1895;83;-4.5;9;
1896;38;-1.0;7;
1897;57;-2.5;8;
1898;60;-1.0;9;
1899;54;-4.5;4;
1900;72;-4.5;8;
1901;98;-4.5;7;
1902;58;-4.5;3;
1903;79;-4.5;3;
1904;36;-2.5;4;
1905;51;-2.5;8;
1906;82;-4.5;4;
1907;39;-4.5;6;
1908;47;-2.5;6;
1909;57;-1.0;9;
1910;79;-4.5;9;
1911;91;-1.0;6;
1912;56;-4.5;7;
1913;47;-4.5;7;
1914;58;-4.5;6;
1915;35;-1.0;5;
1916;79;-4.5;4;
1917;69;-1.0;4;
1918;70;-2.5;9;
1919;62;-2.5;4;
1920;81;-1.0;8;
1921;79;-1.0;6;
1922;55;-1.0;4;
1923;47;-2.5;3;
1924;71;-4.5;6;
1925;45;-1.0;5;
1926;88;-2.5;7;
1927;91;-4.5;3;
1928;36;-4.5;5;
1929;90;-1.0;8;
1930;67;-1.0;8;
1931;51;-1.0;6;
1932;58;-2.5;5;
1933;63;-1.0;3;
1934;51;-2.5;8;
1935;83;-4.5;4;
1936;89;-4.5;6;
1937;56;-4.5;7;
1938;90;-1.0;8;
1939;87;-1.0;5;
1940;104;-1.0;6;
1941;77;-1.0;8;
1942;83;-1.0;5;
1943;59;-1.0;4;
1944;105;-1.0;6;
1945;45;-2.5;3;
1946;51;-4.5;8;
1947;69;-1.0;9;
1948;57;-1.0;4;
1949;47;-1.0;9;
1950;38;-4.5;6;
1951;77;-1.0;8;
1952;54;-1.0;7;
1953;70;-1.0;5;
1954;92;-1.0;9;
1955;41;-1.0;5;
1956;52;-1.0;7;
1957;71;-2.5;6;
1958;86;-4.5;3;
1959;48;-1.0;9;
1960;68;-4.5;8;
1961;52;-4.5;5;
1962;88;-4.5;4;
1963;97;-2.5;7;
1964;102;-1.0;8;
1965;49;-1.0;9;
1966;79;-1.0;4;
1967;79;-2.5;5;
1968;96;-1.0;3;
1969;40;-2.5;6;
1970;48;-2.5;7;
1971;70;-4.5;9;
1972;97;-1.0;8;
1973;64;-1.0;6;
1974;102;-4.5;7;
1975;73;-1.0;7;
1976;73;-2.5;9;
1977;76;-1.0;4;
1978;50;-1.0;6;
1979;74;-1.0;5;
1980;98;-2.5;3;
1981;56;-2.5;7;
1982;61;-4.5;8;
1983;80;-1.0;5;
1984;80;-1.0;8;
1985;39;-1.0;9;
1986;105;-2.5;8;
1987;68;-1.0;7;
1988;74;-1.0;5;
1989;87;-1.0;6;
1990;95;-2.5;7;
1991;53;-1.0;3;
1992;46;-1.0;7;
1993;89;-1.0;9;
1994;34;-4.5;4;
1995;75;-2.5;9;
1996;86;-2.5;5;
1997;107;-4.5;8;
1998;96;-1.0;7;
1999;51;-1.0;9;
2000;65;-1.0;3;
2001;59;-2.5;6;